Trammel_City_Yew_4_7_City_Skara Brae_4_16:576,960;576,960;576,1088;576,1216;576,1344;576,1472;576,1600;576,1728;576,1856;576,1984;576,2112
Trammel_City_Yew_4_7_ChokePoint_Skara Brae Ferry_5_16:576,960;576,960;704,960;704,1088;704,1216;704,1344;704,1472;704,1600;704,1728;704,1856;704,1984;704,2112
Trammel_City_Yew_4_7_City_Jhelom_10_28:576,960;576,960;576,1088;576,1216;576,1344;576,1472;576,1600;576,1728;576,1856;576,1984;576,2112;576,2240;576,2368;576,2496;576,2624;576,2752;576,2880;576,3008;576,3136;704,3136;704,3264;704,3392;832,3392;960,3392;960,3520;960,3648;1088,3648;1216,3648;1344,3648
Trammel_City_Yew_4_7_City_Britain_11_12:576,960;576,960;704,960;704,1088;704,1216;704,1344;704,1472;704,1600;704,1728;832,1728;960,1728;1088,1728;1216,1728;1216,1600;1344,1600;1472,1600
Trammel_City_Yew_4_7_ChokePoint_Delucia Passage_12_26:576,960;576,960;576,1088;576,1216;576,1344;576,1472;576,1600;576,1728;576,1856;576,1984;576,2112;576,2240;576,2368;576,2496;576,2624;576,2752;576,2880;704,2880;832,2880;832,3008;960,3008;1088,3008;1216,3008;1216,3136;1216,3264;1216,3392;1344,3392;1472,3392;1600,3392
Trammel_City_Yew_4_7_ChokePoint_Trinsic South Path_13_24:576,960;576,960;576,1088;576,1216;576,1344;576,1472;576,1600;576,1728;576,1856;576,1984;576,2112;576,2240;576,2368;576,2496;576,2624;576,2752;576,2880;704,2880;832,2880;832,3008;960,3008;1088,3008;1216,3008;1344,3008;1472,3008;1600,3008;1600,3136;1728,3136
Trammel_City_Yew_4_7_City_Trinsic_14_21:576,960;576,960;704,960;704,1088;704,1216;704,1344;704,1472;704,1600;704,1728;832,1728;960,1728;1088,1728;1088,1856;1088,1984;1088,2112;1088,2240;1088,2368;1088,2496;1216,2496;1216,2624;1344,2624;1472,2624;1600,2624;1728,2624;1856,2624;1856,2752
Trammel_City_Yew_4_7_City_Magincia_28_17:576,960;576,960;576,1088;576,1216;576,1344;576,1472;576,1600;576,1728;576,1856;576,1984;576,2112;576,2240;576,2368;576,2496;576,2624;576,2752;576,2880;704,2880;832,2880;832,3008;960,3008;1088,3008;1216,3008;1216,3136;1216,3264;1216,3392;1344,3392;1472,3392;1600,3392;1728,3392;1856,3392;1984,3392;2112,3392;2240,3392;2368,3392;2496,3392;2624,3392;2752,3392;2880,3392;3008,3392;3008,3520;3136,3520;3264,3520;3392,3520;3392,3392;3392,3264;3392,3136;3392,3008;3392,2880;3392,2752;3392,2624;3392,2496;3392,2368;3520,2368;3648,2368;3648,2240
Trammel_City_Skara Brae_4_16_ChokePoint_Skara Brae Ferry_5_16:576,2112;576,2112;704,2112
Trammel_City_Skara Brae_4_16_City_Jhelom_10_28:576,2112;576,2112;704,2112;832,2112;832,2240;832,2368;832,2496;832,2624;960,2624;1088,2624;1088,2752;1088,2880;1088,3008;1088,3136;1216,3136;1216,3264;1216,3392;1344,3392;1344,3520;1344,3648
Trammel_City_Skara Brae_4_16_City_Britain_11_12:576,2112;576,2112;704,2112;832,2112;960,2112;1088,2112;1216,2112;1344,2112;1344,1984;1344,1856;1472,1856;1472,1728;1472,1600
Trammel_City_Skara Brae_4_16_ChokePoint_Delucia Passage_12_26:576,2112;576,2112;704,2112;832,2112;832,2240;832,2368;832,2496;832,2624;960,2624;1088,2624;1088,2752;1088,2880;1088,3008;1088,3136;1216,3136;1216,3264;1216,3392;1344,3392;1472,3392;1600,3392
Trammel_City_Skara Brae_4_16_ChokePoint_Trinsic South Path_13_24:576,2112;576,2112;704,2112;832,2112;832,2240;832,2368;832,2496;832,2624;960,2624;1088,2624;1216,2624;1344,2624;1344,2752;1472,2752;1600,2752;1600,2880;1600,3008;1728,3008;1728,3136
Trammel_City_Skara Brae_4_16_City_Trinsic_14_21:576,2112;576,2112;704,2112;832,2112;960,2112;1088,2112;1216,2112;1344,2112;1472,2112;1472,2240;1472,2368;1600,2368;1728,2368;1728,2496;1728,2624;1856,2624;1856,2752
Trammel_City_Skara Brae_4_16_City_Magincia_28_17:576,2112;576,2112;704,2112;832,2112;960,2112;1088,2112;1216,2112;1344,2112;1472,2112;1472,2240;1472,2368;1600,2368;1728,2368;1728,2496;1728,2624;1856,2624;1984,2624;1984,2752;2112,2752;2112,2880;2112,3008;2240,3008;2240,3136;2368,3136;2496,3136;2624,3136;2752,3136;2880,3136;2880,3264;2880,3392;3008,3392;3008,3520;3136,3520;3264,3520;3392,3520;3392,3392;3392,3264;3392,3136;3392,3008;3392,2880;3392,2752;3392,2624;3392,2496;3392,2368;3520,2368;3648,2368;3648,2240
Trammel_ChokePoint_Skara Brae Ferry_5_16_City_Jhelom_10_28:704,2112;704,2112;704,2240;704,2368;704,2496;704,2624;704,2752;704,2880;704,3008;704,3136;704,3264;704,3392;704,3520;832,3520;960,3520;1088,3520;1216,3520;1344,3520;1344,3648
Trammel_ChokePoint_Skara Brae Ferry_5_16_City_Britain_11_12:704,2112;704,2112;832,2112;960,2112;1088,2112;1216,2112;1216,1984;1216,1856;1216,1728;1216,1600;1344,1600;1472,1600
Trammel_ChokePoint_Skara Brae Ferry_5_16_ChokePoint_Delucia Passage_12_26:704,2112;704,2112;704,2240;704,2368;704,2496;704,2624;704,2752;832,2752;960,2752;960,2880;1088,2880;1088,3008;1216,3008;1344,3008;1472,3008;1472,3136;1472,3264;1472,3392;1600,3392
Trammel_ChokePoint_Skara Brae Ferry_5_16_ChokePoint_Trinsic South Path_13_24:704,2112;704,2112;704,2240;704,2368;704,2496;704,2624;704,2752;832,2752;960,2752;960,2880;1088,2880;1088,3008;1216,3008;1344,3008;1472,3008;1600,3008;1728,3008;1728,3136
Trammel_ChokePoint_Skara Brae Ferry_5_16_City_Trinsic_14_21:704,2112;704,2112;832,2112;960,2112;1088,2112;1216,2112;1344,2112;1472,2112;1600,2112;1600,2240;1728,2240;1728,2368;1856,2368;1856,2496;1856,2624;1856,2752
Trammel_ChokePoint_Skara Brae Ferry_5_16_City_Magincia_28_17:704,2112;704,2112;704,2240;704,2368;704,2496;704,2624;704,2752;832,2752;960,2752;960,2880;1088,2880;1088,3008;1216,3008;1344,3008;1472,3008;1472,3136;1472,3264;1472,3392;1600,3392;1728,3392;1856,3392;1984,3392;2112,3392;2112,3520;2240,3520;2368,3520;2496,3520;2624,3520;2752,3520;2880,3520;3008,3520;3136,3520;3264,3520;3392,3520;3392,3392;3392,3264;3392,3136;3392,3008;3392,2880;3392,2752;3392,2624;3392,2496;3392,2368;3520,2368;3648,2368;3648,2240
Trammel_ChokePoint_Wind Entrance_10_6_City_Jhelom_10_28:1344,832;704,832;704,960;704,1088;704,1216;704,1344;704,1472;704,1600;704,1728;832,1728;960,1728;1088,1728;1088,1856;1088,1984;1088,2112;1088,2240;1088,2368;1088,2496;1088,2624;1088,2752;1088,2880;1088,3008;1216,3008;1216,3136;1216,3264;1344,3264;1344,3392;1344,3520;1344,3648
Trammel_ChokePoint_Wind Entrance_10_6_City_Britain_11_12:1344,832;704,832;704,960;704,1088;704,1216;704,1344;704,1472;704,1600;704,1728;832,1728;960,1728;1088,1728;1216,1728;1216,1600;1344,1600;1472,1600
Trammel_ChokePoint_Wind Entrance_10_6_ChokePoint_Delucia Passage_12_26:1344,832;704,832;704,960;704,1088;704,1216;704,1344;704,1472;704,1600;704,1728;832,1728;960,1728;1088,1728;1216,1728;1216,1856;1216,1984;1216,2112;1216,2240;1344,2240;1344,2368;1344,2496;1344,2624;1472,2624;1472,2752;1472,2880;1472,3008;1472,3136;1600,3136;1600,3264;1600,3392
Trammel_ChokePoint_Wind Entrance_10_6_ChokePoint_Trinsic South Path_13_24:1344,832;704,832;704,960;704,1088;704,1216;704,1344;704,1472;704,1600;704,1728;832,1728;960,1728;1088,1728;1216,1728;1216,1856;1216,1984;1216,2112;1216,2240;1344,2240;1344,2368;1344,2496;1344,2624;1472,2624;1472,2752;1472,2880;1472,3008;1472,3136;1600,3136;1728,3136
Trammel_ChokePoint_Wind Entrance_10_6_City_Trinsic_14_21:1344,832;704,832;704,960;704,1088;704,1216;704,1344;704,1472;704,1600;704,1728;832,1728;960,1728;1088,1728;1216,1728;1216,1856;1216,1984;1216,2112;1216,2240;1344,2240;1344,2368;1472,2368;1600,2368;1600,2496;1728,2496;1856,2496;1856,2624;1856,2752
Trammel_ChokePoint_Wind Entrance_10_6_City_Magincia_28_17:1344,832;704,832;704,960;704,1088;704,1216;704,1344;704,1472;704,1600;704,1728;832,1728;960,1728;1088,1728;1216,1728;1216,1856;1216,1984;1216,2112;1216,2240;1344,2240;1344,2368;1472,2368;1600,2368;1600,2496;1728,2496;1856,2496;1856,2624;1984,2624;2112,2624;2240,2624;2240,2752;2240,2880;2240,3008;2240,3136;2368,3136;2496,3136;2624,3136;2752,3136;2880,3136;2880,3264;2880,3392;3008,3392;3008,3520;3136,3520;3264,3520;3392,3520;3392,3392;3392,3264;3392,3136;3392,3008;3392,2880;3392,2752;3392,2624;3392,2496;3392,2368;3520,2368;3648,2368;3648,2240
Trammel_City_Jhelom_10_28_City_Britain_11_12:1344,3648;1344,3648;1344,3520;1344,3392;1344,3264;1344,3136;1344,3008;1344,2880;1344,2752;1344,2624;1344,2496;1344,2368;1344,2240;1344,2112;1344,1984;1344,1856;1344,1728;1344,1600;1472,1600
Trammel_City_Jhelom_10_28_ChokePoint_Delucia Passage_12_26:1344,3648;1344,3648;1344,3520;1344,3392;1472,3392;1600,3392
Trammel_City_Jhelom_10_28_ChokePoint_Trinsic South Path_13_24:1344,3648;1344,3648;1344,3520;1344,3392;1472,3392;1600,3392;1728,3392;1728,3264;1728,3136
Trammel_City_Jhelom_10_28_City_Trinsic_14_21:1344,3648;1344,3648;1344,3520;1344,3392;1344,3264;1344,3136;1344,3008;1472,3008;1600,3008;1728,3008;1728,2880;1856,2880;1856,2752
Trammel_City_Jhelom_10_28_City_Magincia_28_17:1344,3648;1344,3648;1472,3648;1600,3648;1728,3648;1856,3648;1984,3648;2112,3648;2240,3648;2368,3648;2496,3648;2624,3648;2752,3648;2880,3648;3008,3648;3136,3648;3136,3520;3264,3520;3392,3520;3392,3392;3392,3264;3520,3264;3520,3136;3520,3008;3520,2880;3520,2752;3520,2624;3648,2624;3648,2496;3648,2368;3648,2240
Trammel_City_Britain_11_12_ChokePoint_Delucia Passage_12_26:1472,1600;1472,1600;1472,1728;1472,1856;1472,1984;1472,2112;1472,2240;1472,2368;1472,2496;1472,2624;1472,2752;1472,2880;1472,3008;1472,3136;1600,3136;1600,3264;1600,3392
Trammel_City_Britain_11_12_ChokePoint_Trinsic South Path_13_24:1472,1600;1472,1600;1472,1728;1472,1856;1472,1984;1472,2112;1472,2240;1472,2368;1472,2496;1472,2624;1472,2752;1472,2880;1472,3008;1472,3136;1600,3136;1728,3136
Trammel_City_Britain_11_12_City_Trinsic_14_21:1472,1600;1472,1600;1472,1728;1472,1856;1472,1984;1472,2112;1600,2112;1600,2240;1600,2368;1600,2496;1600,2624;1600,2752;1728,2752;1856,2752
Trammel_City_Britain_11_12_City_Magincia_28_17:1472,1600;1472,1600;1472,1728;1472,1856;1472,1984;1472,2112;1600,2112;1728,2112;1856,2112;1856,2240;1856,2368;1856,2496;1984,2496;1984,2624;1984,2752;1984,2880;2112,2880;2240,2880;2240,3008;2240,3136;2240,3264;2368,3264;2368,3392;2496,3392;2624,3392;2752,3392;2880,3392;3008,3392;3008,3520;3136,3520;3264,3520;3392,3520;3392,3392;3392,3264;3392,3136;3392,3008;3392,2880;3392,2752;3392,2624;3392,2496;3392,2368;3520,2368;3648,2368;3648,2240
Trammel_ChokePoint_Delucia Passage_12_26_ChokePoint_Trinsic South Path_13_24:1600,3392;1600,3392;1600,3264;1600,3136;1728,3136
Trammel_ChokePoint_Delucia Passage_12_26_City_Trinsic_14_21:1600,3392;1600,3392;1600,3264;1600,3136;1600,3008;1728,3008;1856,3008;1856,2880;1856,2752
Trammel_ChokePoint_Delucia Passage_12_26_City_Magincia_28_17:1600,3392;1600,3392;1728,3392;1856,3392;1984,3392;2112,3392;2240,3392;2368,3392;2496,3392;2624,3392;2752,3392;2880,3392;3008,3392;3008,3520;3136,3520;3264,3520;3392,3520;3392,3392;3392,3264;3392,3136;3392,3008;3392,2880;3392,2752;3392,2624;3392,2496;3520,2496;3520,2368;3648,2368;3648,2240
Trammel_ChokePoint_Trinsic South Path_13_24_City_Trinsic_14_21:1728,3136;1728,3136;1728,3008;1728,2880;1728,2752;1856,2752
Trammel_ChokePoint_Trinsic South Path_13_24_City_Magincia_28_17:1728,3136;1728,3136;1856,3136;1984,3136;2112,3136;2112,3264;2112,3392;2240,3392;2368,3392;2368,3520;2496,3520;2624,3520;2752,3520;2880,3520;3008,3520;3136,3520;3264,3520;3392,3520;3392,3392;3392,3264;3392,3136;3392,3008;3392,2880;3392,2752;3392,2624;3392,2496;3520,2496;3520,2368;3648,2368;3648,2240
Trammel_City_Trinsic_14_21_City_Magincia_28_17:1856,2752;1856,2752;1856,2880;1856,3008;1856,3136;1856,3264;1856,3392;1984,3392;2112,3392;2240,3392;2368,3392;2368,3520;2496,3520;2624,3520;2752,3520;2880,3520;3008,3520;3136,3520;3264,3520;3392,3520;3392,3392;3392,3264;3392,3136;3392,3008;3392,2880;3392,2752;3392,2624;3520,2624;3648,2624;3648,2496;3648,2368;3648,2240
Trammel_ChokePoint_Cove Pass_16_9_City_Cove_17_9:2112,1216;2240,1216
Trammel_ChokePoint_Vesper Bridge_21_5_City_Vesper_23_6:2752,704;2752,704;2880,704;3008,704;3008,832
Trammel_City_Moonglow_34_8_MagicNode_Moonglow Recsu_35_9:4416,1088;4416,1088;4544,1088;4544,1216
Trammel_City_Papua_44_25_MagicNode_Papua Resdu_45_25:5696,3264;5696,3264;5824,3264
Felucca_City_Yew_4_7_City_Skara Brae_4_16:576,960;576,960;576,1088;576,1216;576,1344;576,1472;576,1600;576,1728;576,1856;576,1984;576,2112
Felucca_City_Yew_4_7_ChokePoint_Skara Brae Ferry_5_16:576,960;576,960;704,960;704,1088;704,1216;704,1344;704,1472;704,1600;704,1728;704,1856;704,1984;704,2112
Felucca_City_Yew_4_7_City_Jhelom_10_28:576,960;576,960;576,1088;576,1216;576,1344;576,1472;576,1600;576,1728;576,1856;576,1984;576,2112;576,2240;576,2368;576,2496;576,2624;576,2752;576,2880;576,3008;576,3136;704,3136;704,3264;704,3392;832,3392;960,3392;960,3520;960,3648;1088,3648;1216,3648;1344,3648
Felucca_City_Yew_4_7_City_Britain_11_12:576,960;576,960;704,960;704,1088;704,1216;704,1344;704,1472;704,1600;704,1728;832,1728;960,1728;1088,1728;1216,1728;1216,1600;1344,1600;1472,1600
Felucca_City_Yew_4_7_ChokePoint_Delucia Passage_12_26:576,960;576,960;576,1088;576,1216;576,1344;576,1472;576,1600;576,1728;576,1856;576,1984;576,2112;576,2240;576,2368;576,2496;576,2624;576,2752;576,2880;704,2880;832,2880;832,3008;960,3008;1088,3008;1216,3008;1216,3136;1216,3264;1216,3392;1344,3392;1472,3392;1600,3392
Felucca_City_Yew_4_7_ChokePoint_Trinsic South Path_13_24:576,960;576,960;576,1088;576,1216;576,1344;576,1472;576,1600;576,1728;576,1856;576,1984;576,2112;576,2240;576,2368;576,2496;576,2624;576,2752;576,2880;704,2880;832,2880;832,3008;960,3008;1088,3008;1216,3008;1344,3008;1472,3008;1600,3008;1600,3136;1728,3136
Felucca_City_Yew_4_7_City_Trinsic_14_21:576,960;576,960;704,960;704,1088;704,1216;704,1344;704,1472;704,1600;704,1728;832,1728;960,1728;1088,1728;1088,1856;1088,1984;1088,2112;1088,2240;1088,2368;1088,2496;1216,2496;1216,2624;1344,2624;1472,2624;1600,2624;1728,2624;1856,2624;1856,2752
Felucca_City_Skara Brae_4_16_ChokePoint_Skara Brae Ferry_5_16:576,2112;576,2112;704,2112
Felucca_City_Skara Brae_4_16_City_Jhelom_10_28:576,2112;576,2112;704,2112;832,2112;832,2240;832,2368;832,2496;832,2624;960,2624;1088,2624;1088,2752;1088,2880;1088,3008;1088,3136;1216,3136;1216,3264;1216,3392;1344,3392;1344,3520;1344,3648
Felucca_City_Skara Brae_4_16_City_Britain_11_12:576,2112;576,2112;704,2112;832,2112;960,2112;1088,2112;1216,2112;1344,2112;1344,1984;1344,1856;1472,1856;1472,1728;1472,1600
Felucca_City_Skara Brae_4_16_ChokePoint_Delucia Passage_12_26:576,2112;576,2112;704,2112;832,2112;832,2240;832,2368;832,2496;832,2624;960,2624;1088,2624;1088,2752;1088,2880;1088,3008;1088,3136;1216,3136;1216,3264;1216,3392;1344,3392;1472,3392;1600,3392
Felucca_City_Skara Brae_4_16_ChokePoint_Trinsic South Path_13_24:576,2112;576,2112;704,2112;832,2112;832,2240;832,2368;832,2496;832,2624;960,2624;1088,2624;1216,2624;1344,2624;1344,2752;1472,2752;1600,2752;1600,2880;1600,3008;1728,3008;1728,3136
Felucca_City_Skara Brae_4_16_City_Trinsic_14_21:576,2112;576,2112;704,2112;832,2112;960,2112;1088,2112;1216,2112;1344,2112;1472,2112;1472,2240;1472,2368;1600,2368;1728,2368;1728,2496;1728,2624;1856,2624;1856,2752
Felucca_ChokePoint_Skara Brae Ferry_5_16_City_Jhelom_10_28:704,2112;704,2112;704,2240;704,2368;704,2496;704,2624;704,2752;704,2880;704,3008;704,3136;704,3264;704,3392;704,3520;832,3520;960,3520;1088,3520;1216,3520;1344,3520;1344,3648
Felucca_ChokePoint_Skara Brae Ferry_5_16_City_Britain_11_12:704,2112;704,2112;832,2112;960,2112;1088,2112;1216,2112;1216,1984;1216,1856;1216,1728;1216,1600;1344,1600;1472,1600
Felucca_ChokePoint_Skara Brae Ferry_5_16_ChokePoint_Delucia Passage_12_26:704,2112;704,2112;704,2240;704,2368;704,2496;704,2624;704,2752;832,2752;960,2752;960,2880;1088,2880;1088,3008;1216,3008;1344,3008;1472,3008;1472,3136;1472,3264;1472,3392;1600,3392
Felucca_ChokePoint_Skara Brae Ferry_5_16_ChokePoint_Trinsic South Path_13_24:704,2112;704,2112;704,2240;704,2368;704,2496;704,2624;704,2752;832,2752;960,2752;960,2880;1088,2880;1088,3008;1216,3008;1344,3008;1472,3008;1600,3008;1728,3008;1728,3136
Felucca_ChokePoint_Skara Brae Ferry_5_16_City_Trinsic_14_21:704,2112;704,2112;832,2112;960,2112;1088,2112;1216,2112;1344,2112;1472,2112;1600,2112;1600,2240;1728,2240;1728,2368;1856,2368;1856,2496;1856,2624;1856,2752
Felucca_ChokePoint_Wind Entrance_10_6_City_Jhelom_10_28:1344,832;704,832;704,960;704,1088;704,1216;704,1344;704,1472;704,1600;704,1728;832,1728;960,1728;1088,1728;1088,1856;1088,1984;1088,2112;1088,2240;1088,2368;1088,2496;1088,2624;1088,2752;1088,2880;1088,3008;1216,3008;1216,3136;1216,3264;1344,3264;1344,3392;1344,3520;1344,3648
Felucca_ChokePoint_Wind Entrance_10_6_City_Britain_11_12:1344,832;704,832;704,960;704,1088;704,1216;704,1344;704,1472;704,1600;704,1728;832,1728;960,1728;1088,1728;1216,1728;1216,1600;1344,1600;1472,1600
Felucca_ChokePoint_Wind Entrance_10_6_ChokePoint_Delucia Passage_12_26:1344,832;704,832;704,960;704,1088;704,1216;704,1344;704,1472;704,1600;704,1728;832,1728;960,1728;1088,1728;1216,1728;1216,1856;1216,1984;1216,2112;1216,2240;1344,2240;1344,2368;1344,2496;1344,2624;1472,2624;1472,2752;1472,2880;1472,3008;1472,3136;1600,3136;1600,3264;1600,3392
Felucca_ChokePoint_Wind Entrance_10_6_ChokePoint_Trinsic South Path_13_24:1344,832;704,832;704,960;704,1088;704,1216;704,1344;704,1472;704,1600;704,1728;832,1728;960,1728;1088,1728;1216,1728;1216,1856;1216,1984;1216,2112;1216,2240;1344,2240;1344,2368;1344,2496;1344,2624;1472,2624;1472,2752;1472,2880;1472,3008;1472,3136;1600,3136;1728,3136
Felucca_ChokePoint_Wind Entrance_10_6_City_Trinsic_14_21:1344,832;704,832;704,960;704,1088;704,1216;704,1344;704,1472;704,1600;704,1728;832,1728;960,1728;1088,1728;1216,1728;1216,1856;1216,1984;1216,2112;1216,2240;1344,2240;1344,2368;1472,2368;1600,2368;1600,2496;1728,2496;1856,2496;1856,2624;1856,2752
Felucca_City_Jhelom_10_28_City_Britain_11_12:1344,3648;1344,3648;1344,3520;1344,3392;1344,3264;1344,3136;1344,3008;1344,2880;1344,2752;1344,2624;1344,2496;1344,2368;1344,2240;1344,2112;1344,1984;1344,1856;1344,1728;1344,1600;1472,1600
Felucca_City_Jhelom_10_28_ChokePoint_Delucia Passage_12_26:1344,3648;1344,3648;1344,3520;1344,3392;1472,3392;1600,3392
Felucca_City_Jhelom_10_28_ChokePoint_Trinsic South Path_13_24:1344,3648;1344,3648;1344,3520;1344,3392;1472,3392;1600,3392;1728,3392;1728,3264;1728,3136
Felucca_City_Jhelom_10_28_City_Trinsic_14_21:1344,3648;1344,3648;1344,3520;1344,3392;1344,3264;1344,3136;1344,3008;1472,3008;1600,3008;1728,3008;1728,2880;1856,2880;1856,2752
Felucca_City_Britain_11_12_ChokePoint_Delucia Passage_12_26:1472,1600;1472,1600;1472,1728;1472,1856;1472,1984;1472,2112;1472,2240;1472,2368;1472,2496;1472,2624;1472,2752;1472,2880;1472,3008;1472,3136;1600,3136;1600,3264;1600,3392
Felucca_City_Britain_11_12_ChokePoint_Trinsic South Path_13_24:1472,1600;1472,1600;1472,1728;1472,1856;1472,1984;1472,2112;1472,2240;1472,2368;1472,2496;1472,2624;1472,2752;1472,2880;1472,3008;1472,3136;1600,3136;1728,3136
Felucca_City_Britain_11_12_City_Trinsic_14_21:1472,1600;1472,1600;1472,1728;1472,1856;1472,1984;1472,2112;1600,2112;1600,2240;1600,2368;1600,2496;1600,2624;1600,2752;1728,2752;1856,2752
Felucca_ChokePoint_Delucia Passage_12_26_ChokePoint_Trinsic South Path_13_24:1600,3392;1600,3392;1600,3264;1600,3136;1728,3136
Felucca_ChokePoint_Delucia Passage_12_26_City_Trinsic_14_21:1600,3392;1600,3392;1600,3264;1600,3136;1600,3008;1728,3008;1856,3008;1856,2880;1856,2752
Felucca_ChokePoint_Trinsic South Path_13_24_City_Trinsic_14_21:1728,3136;1728,3136;1728,3008;1728,2880;1728,2752;1856,2752
Felucca_ChokePoint_Vesper Bridge_21_5_City_Vesper_23_6:2752,704;2752,704;2880,704;3008,704;3008,832
Felucca_City_Moonglow_34_8_MagicNode_Moonglow Recsu_35_9:4416,1088;4416,1088;4544,1088;4544,1216
Felucca_City_Papua_44_25_MagicNode_Papua Resdu_45_25:5696,3264;5696,3264;5824,3264
